13
group
9
circle
96 357 69 69
60 130 68 255
60 130 68 255
circle
165 366 70 70
60 130 68 255
60 130 68 255
circle
235 369 68 68
60 130 68 255
60 130 68 255
circle
304 369 61 61
60 130 68 255
60 130 68 255
circle
358 368 34 34
60 130 68 255
60 130 68 255
circle
64 351 37 37
60 130 68 255
60 130 68 255
rect
44 312 384 63
60 130 68 255
60 130 68 255
ellipse
90 218 258 95
60 130 68 255
60 130 68 255
rect
343 252 207 19
60 130 68 255
60 130 68 255
group
5
rect
166 225 29 10
0 0 0 255
170 0 0 255
rect
196 238 15 28
0 0 0 255
170 0 0 255
rect
170 262 24 11
0 0 0 255
170 0 0 255
rect
194 274 13 27
0 0 0 255
170 0 0 255
rect
169 300 26 10
0 0 0 255
170 0 0 255
group
3
rect
219 228 10 35
0 0 0 255
170 0 0 255
rect
257 226 10 86
0 0 0 255
170 0 0 255
rect
219 264 51 12
0 0 0 255
170 0 0 255
circle
124 385 15 15
0 0 0 255
0 0 0 255
circle
262 399 13 13
0 0 0 255
0 0 0 255
circle
195 395 15 15
0 0 0 255
0 0 0 255
circle
327 387 19 19
0 0 0 255
0 0 0 255
circle
370 380 13 13
0 0 0 255
0 0 0 255
rect
46 309 381 11
0 0 0 255
0 0 0 255
ellipse
547 251 10 22
0 0 0 255
0 0 0 255
ellipse
176 207 89 11
0 0 0 255
60 130 68 255
rect
0 432 900 141
0 0 0 255
47 36 23 255
group
4
ellipse
650 205 126 14
0 0 0 255
169 182 255 255
ellipse
594 242 136 20
0 0 0 255
169 182 255 255
ellipse
667 287 92 11
0 0 0 255
169 182 255 255
group
2
group
5
rect
765 249 70 19
0 0 0 255
0 0 0 255
rect
834 244 11 10
0 0 0 255
0 0 0 255
rect
839 253 11 10
0 0 0 255
0 0 0 255
rect
835 263 10 12
0 0 0 255
0 0 0 255
rect
850 252 10 10
0 0 0 255
0 0 0 255
circle
830 256 11 11
0 0 0 255
0 0 0 255
